0.000000 22.125881 36.948057 36.415957 35.458274 36.371992 32.884534 33.454033 35.179120 35.825888 34.745505 34.013062 31.299059 32.184516 37.022051 37.342205 35.252556 34.366481 33.922190 34.041721 39.558276 37.495934 34.361070 33.883776 40.869607 36.717262 36.694406 39.594752 36.213489 36.962698 39.020927 40.491619 33.319848 33.335510 39.957613 36.396706 39.951502 41.098156 37.529626 38.038579 39.317697 40.877076 41.875983 40.721171
22.125881 0.000000 36.047460 34.802089 32.816867 33.822110 31.288925 33.024294 35.750804 35.739203 32.212809 31.813160 28.387087 29.206567 36.087477 36.459326 34.283874 33.140932 33.715873 33.098877 38.979815 36.264990 32.243440 31.582209 39.684401 36.674700 37.239087 38.265793 34.257844 32.737854 37.302103 40.303035 32.074029 31.965921 38.439348 35.836429 37.244918 38.951021 36.406172 36.384109 35.917140 38.478478 42.477692 41.992418
36.948057 36.047460 0.000000 20.601888 36.342399 36.694277 31.235633 31.084525 33.842821 33.854768 34.147490 33.090774 36.942122 37.108407 35.716999 34.474235 33.472128 33.239646 37.345009 38.699310 35.130207 35.061416 40.142847 36.348068 35.181736 35.702913 37.461998 39.721739 37.078704 36.109812 37.716237 39.760212 37.260546 37.185301 41.420456 38.495160 40.015855 40.313077 37.511790 35.842252 42.948822 40.854984 36.710164 39.154378
36.415957 34.802089 20.601888 0.000000 34.439721 34.689847 32.560031 31.285640 34.929225 34.464100 32.695827 31.243823 36.412774 36.876297 34.892623 33.856861 33.984361 33.330100 37.536142 38.894214 34.225479 34.019215 41.192069 36.706688 36.540782 36.416156 36.991123 39.785467 37.611632 36.499917 38.985080 40.988815 37.682059 38.086960 41.221260 37.387168 41.171054 41.742873 37.887255 35.977558 41.777697 41.121423 37.706811 38.173044
35.458274 32.816867 36.342399 34.439721 0.000000 19.191031 33.695790 35.081188 36.542429 35.961594 31.691322 31.333000 30.717122 30.708313 37.216991 36.549374 32.156951 33.067504 36.175811 35.713490 29.592055 28.267219 39.974425 38.044778 39.557193 37.089184 36.199992 35.892023 36.844835 34.881923 37.754679 41.224694 35.419366 35.230372 41.213089 37.322009 39.570041 39.681702 33.586256 34.176575 37.428066 41.562641 40.026173 40.340907
36.371992 33.822110 36.694277 34.689847 19.191031 0.000000 33.907260 35.990244 36.434286 36.231532 31.844851 30.513039 30.592460 31.427029 37.245257 36.890799 31.964955 32.562844 35.627095 35.072440 27.432225 26.052270 40.866113 38.810233 40.721534 38.612498 36.769551 36.416188 37.902623 36.108632 39.770152 42.861019 36.567693 37.029963 41.261444 37.017031 40.168003 41.479996 35.064045 34.603065 38.825238 42.372547 40.772580 41.613172
32.884534 31.288925 31.235633 32.560031 33.695790 33.907260 0.000000 21.856300 30.678142 31.216350 33.043383 32.661865 33.201685 33.708558 33.129981 33.890717 32.336168 31.848942 31.006280 30.927613 37.751227 36.261903 37.077886 34.518573 37.127572 34.318491 35.572008 37.388887 30.757361 28.695795 31.520490 34.206888 34.757973 34.050061 38.499591 36.542645 35.142292 37.727310 33.395761 33.785798 33.892151 37.389376 36.543852 37.847871
33.454033 33.024294 31.084525 31.285640 35.081188 35.990244 21.856300 0.000000 32.470096 31.207632 32.419339 32.240582 33.512847 33.618057 32.909479 32.675925 32.485681 32.330879 32.467625 32.271422 37.456209 36.909329 38.039745 35.074934 35.394869 33.292430 36.221371 39.725078 32.358670 29.790228 32.833236 35.694291 34.328244 33.667328 40.466562 36.365121 34.581453 36.649436 33.371540 31.696320 35.644742 38.186167 36.577374 37.840756
35.179120 35.750804 33.842821 34.929225 36.542429 36.434286 30.678142 32.470096 0.000000 20.852772 36.397952 36.194411 33.665468 33.656703 35.188477 35.825312 33.630010 32.153505 36.066257 35.859839 36.108633 35.202563 40.918722 38.746936 41.605633 39.145044 37.844925 40.524039 38.254783 36.863427 31.741083 31.630060 39.084993 38.953691 40.141322 36.811204 37.111427 38.828106 35.958360 35.269475 38.820692 43.030049 38.496860 40.681505
35.825888 35.739203 33.854768 34.464100 35.961594 36.231532 31.216350 31.207632 20.852772 0.000000 35.660109 35.490921 33.752684 33.832411 36.011200 36.749484 35.243203 33.648194 36.922077 35.658817 34.307314 33.730577 40.118582 38.633963 39.692775 39.362525 37.749641 41.166771 37.736432 36.860488 32.232835 31.482809 38.410317 38.325069 40.362463 36.169255 37.029048 38.268230 36.856004 35.335853 39.464642 42.929050 37.423516 39.602236
34.745505 32.212809 34.147490 32.695827 31.691322 31.844851 33.043383 32.419339 36.397952 35.660109 0.000000 18.904732 31.128214 31.065312 34.231964 33.466814 32.058012 32.524356 35.926670 37.115646 37.610750 37.437264 38.614670 36.472226 38.727318 37.292737 38.158736 39.894267 34.864635 33.867724 37.890618 41.817612 33.029811 32.553428 38.732730 36.843292 36.551165 37.892036 32.968556 32.014859 39.477349 42.026592 41.275056 43.416312
34.013062 31.813160 33.090774 31.243823 31.333000 30.513039 32.661865 32.240582 36.194411 35.490921 18.904732 0.000000 30.328963 30.999092 34.328782 33.685894 32.239158 31.709033 35.466386 37.030512 37.354061 37.072712 37.460524 35.327347 37.921836 35.907581 37.188573 38.300526 34.023850 32.898884 38.148171 41.465903 32.092416 31.165972 38.863242 36.826673 36.638404 38.997729 32.725407 32.146133 38.506357 40.805334 40.137152 42.623149
31.299059 28.387087 36.942122 36.412774 30.717122 30.592460 33.201685 33.512847 33.665468 33.752684 31.128214 30.328963 0.000000 19.706344 33.314952 33.608117 31.877677 31.534951 34.556053 34.943672 34.188588 31.990801 38.583249 36.041501 39.064593 36.494414 35.449322 38.674363 36.871530 35.404099 37.523060 40.845360 32.646266 32.653550 35.244182 32.281948 35.976128 37.608446 34.085852 34.096522 40.071912 39.833270 40.892117 41.881621
32.184516 29.206567 37.108407 36.876297 30.708313 31.427029 33.708558 33.618057 33.656703 33.832411 31.065312 30.999092 19.706344 0.000000 34.214418 34.756731 32.978690 32.659959 35.197201 34.421827 34.375671 31.141161 39.485803 36.433407 39.748133 37.559547 36.660824 38.833289 37.312924 35.972610 38.140432 41.618810 34.322973 33.942967 36.764070 33.875134 36.437946 38.315948 34.603709 34.464051 40.273914 40.889652 41.310146 42.905900
37.022051 36.087477 35.716999 34.892623 37.216991 37.245257 33.129981 32.909479 35.188477 36.011200 34.231964 34.328782 33.314952 34.214418 0.000000 21.960811 29.327218 28.638207 31.884733 33.013460 39.009497 37.584737 45.252374 43.038470 38.171409 37.539368 39.794381 42.552539 36.881723 34.736577 36.979650 39.981038 39.977048 39.597185 39.299577 37.324898 30.875676 31.486330 33.838060 34.726610 39.691425 36.571810 42.640452 42.997804
37.342205 36.459326 34.474235 33.856861 36.549374 36.890799 33.890717 32.675925 35.825312 36.749484 33.466814 33.685894 33.608117 34.756731 21.960811 0.000000 30.876899 30.706009 32.748905 33.492289 38.162607 38.437667 44.758117 42.215991 38.006642 37.168572 40.512625 42.515068 36.457920 34.329940 37.432928 39.974783 39.573080 39.678602 39.411456 37.671275 30.806987 31.191463 33.317679 33.824689 39.973504 36.138993 42.236541 42.963251
35.252556 34.283874 33.472128 33.984361 32.156951 31.964955 32.336168 32.485681 33.630010 35.243203 32.058012 32.239158 31.877677 32.978690 29.327218 30.876899 0.000000 20.017335 36.736453 37.004882 33.610031 33.656343 42.390807 38.619828 39.044207 35.536633 39.860045 41.364652 36.005251 33.591188 37.755260 39.389267 36.471205 36.040962 41.433050 38.047785 36.543480 38.793091 33.691355 33.322138 39.350012 41.997916 42.001597 43.897669
34.366481 33.140932 33.239646 33.330100 33.067504 32.562844 31.848942 32.330879 32.153505 33.648194 32.524356 31.709033 31.534951 32.659959 28.638207 30.706009 20.017335 0.000000 35.453748 36.135087 34.683098 34.074446 40.863620 37.532186 38.389573 35.698888 39.224837 41.684413 36.014800 34.053097 37.195608 38.701713 36.687987 36.253519 40.609531 37.401701 36.047632 38.502204 33.305708 33.367362 38.826897 41.337559 41.221901 42.720940
33.922190 33.715873 37.345009 37.536142 36.175811 35.627095 31.006280 32.467625 36.066257 36.922077 35.926670 35.466386 34.556053 35.197201 31.884733 32.748905 36.736453 35.453748 0.000000 21.690998 38.673075 36.667990 44.365978 41.535883 40.428634 36.824895 40.782084 41.928463 36.647642 34.858584 36.674540 39.917328 39.207727 39.033052 43.487193 40.891975 35.623630 36.648004 36.561055 38.573301 32.942491 31.739600 42.803434 43.515001
34.041721 33.098877 38.699310 38.894214 35.713490 35.072440 30.927613 32.271422 35.859839 35.658817 37.115646 37.030512 34.943672 34.421827 33.013460 33.492289 37.004882 36.135087 21.690998 0.000000 39.554478 35.994882 43.898280 40.664053 40.227008 37.952897 41.246596 43.141963 36.158288 33.579103 35.377199 37.998800 40.035702 39.980745 44.084764 40.898526 35.309747 36.409159 36.976064 38.348632 33.541237 34.500970 43.114578 43.492450
39.558276 38.979815 35.130207 34.225479 29.592055 27.432225 37.751227 37.456209 36.108633 34.307314 37.610750 37.354061 34.188588 34.375671 39.009497 38.162607 33.610031 34.683098 38.673075 39.554478 0.000000 22.005506 45.993820 41.744111 42.448563 42.257122 42.242364 43.761643 41.957630 41.297703 43.226612 43.713248 41.816221 42.323880 44.123058 39.385740 42.031760 42.396864 37.078770 36.918097 42.381997 45.791270 43.801514 43.751632
37.495934 36.264990 35.061416 34.019215 28.267219 26.052270 36.261903 36.909329 35.202563 33.730577 37.437264 37.072712 31.990801 31.141161 37.584737 38.437667 33.656343 34.074446 36.667990 35.994882 22.005506 0.000000 43.296753 39.232994 42.232753 40.739012 39.483834 39.757876 40.917051 39.315557 40.643516 42.279512 40.482304 40.616646 40.943830 35.978961 43.191085 44.034448 37.998396 37.613222 40.550771 44.181981 41.584297 41.207872
34.361070 32.243440 40.142847 41.192069 39.974425 40.866113 37.077886 38.039745 40.918722 40.118582 38.614670 37.460524 38.583249 39.485803 45.252374 44.758117 42.390807 40.863620 44.365978 43.898280 45.993820 43.296753 0.000000 22.131675 43.299251 41.387250 36.285785 37.681246 38.289611 35.602746 39.236749 43.434009 31.943445 29.773824 36.687405 36.340159 40.414206 44.102830 40.158857 38.267494 39.470579 42.924692 41.736272 42.529864
33.883776 31.582209 36.348068 36.706688 38.044778 38.810233 34.518573 35.074934 38.746936 38.633963 36.472226 35.327347 36.041501 36.433407 43.038470 42.215991 38.619828 37.532186 41.535883 40.664053 41.744111 39.232994 22.131675 0.000000 40.216737 39.355754 36.209690 37.346762 37.616003 35.165080 37.887683 41.356914 31.904359 31.485523 35.670292 35.953090 39.648186 41.815698 37.637967 36.195469 38.093099 41.675190 39.358932 38.940533
40.869607 39.684401 35.181736 36.540782 39.557193 40.721534 37.127572 35.394869 41.605633 39.692775 38.727318 37.921836 39.064593 39.748133 38.171409 38.006642 39.044207 38.389573 40.428634 40.227008 42.448563 42.232753 43.299251 40.216737 0.000000 24.347325 40.052470 42.344265 35.191206 31.961712 35.069211 39.155284 37.950009 37.259209 43.859778 40.213071 36.651810 38.224553 38.084558 38.482397 44.414774 43.424678 37.823152 39.872090
36.717262 36.674700 35.702913 36.416156 37.089184 38.612498 34.318491 33.292430 39.145044 39.362525 37.292737 35.907581 36.494414 37.559547 37.539368 37.168572 35.536633 35.698888 36.824895 37.952897 42.257122 40.739012 41.387250 39.355754 24.347325 0.000000 40.454242 43.346688 33.428939 30.703915 35.863558 39.852488 36.079589 35.908711 42.647290 39.887309 35.991618 36.434885 36.057486 36.455698 41.999882 40.807910 38.790800 40.528757
36.694406 37.239087 37.461998 36.991123 36.199992 36.769551 35.572008 36.221371 37.844925 37.749641 38.158736 37.188573 35.449322 36.660824 39.794381 40.512625 39.860045 39.224837 40.782084 41.246596 42.242364 39.483834 36.285785 36.209690 40.052470 40.454242 0.000000 22.634998 37.490162 35.828531 38.237040 40.323123 36.630886 33.655989 36.069624 34.573979 40.347921 42.967508 36.085870 35.393887 42.481670 43.117482 28.696767 29.796255
39.594752 38.265793 39.721739 39.785467 35.892023 36.416188 37.388887 39.725078 40.524039 41.166771 39.894267 38.300526 38.674363 38.833289 42.552539 42.515068 41.364652 41.684413 41.928463 43.141963 43.761643 39.757876 37.681246 37.346762 42.344265 43.346688 22.634998 0.000000 38.798348 37.138582 42.496693 42.741030 37.781484 34.941110 38.581569 37.673840 43.199617 44.219839 35.207270 35.062144 42.264260 45.192241 29.795685 30.467979
36.213489 34.257844 37.078704 37.611632 36.844835 37.902623 30.757361 32.358670 38.254783 37.736432 34.864635 34.023850 36.871530 37.312924 36.881723 36.457920 36.005251 36.014800 36.647642 36.158288 41.957630 40.917051 38.289611 37.616003 35.191206 33.428939 37.490162 38.798348 0.000000 23.471064 34.148393 36.788466 34.350551 32.899830 41.106180 36.266833 35.911532 38.284796 34.699234 33.665905 34.785526 39.559528 40.932967 43.830006
36.962698 32.737854 36.109812 36.499917 34.881923 36.108632 28.695795 29.790228 36.863427 36.860488 33.867724 32.898884 35.404099 35.972610 34.736577 34.329940 33.591188 34.053097 34.858584 33.579103 41.297703 39.315557 35.602746 35.165080 31.961712 30.703915 35.828531 37.138582 23.471064 0.000000 31.270897 36.840339 35.290809 32.908537 42.318548 38.160871 32.796919 36.519827 33.266373 32.800331 33.560014 36.707378 39.855118 41.710255
39.020927 37.302103 37.716237 38.985080 37.754679 39.770152 31.520490 32.833236 31.741083 32.232835 37.890618 38.148171 37.523060 38.140432 36.979650 37.432928 37.755260 37.195608 36.674540 35.377199 43.226612 40.643516 39.236749 37.887683 35.069211 35.863558 38.237040 42.496693 34.148393 31.270897 0.000000 25.397882 38.265164 37.529429 40.675153 37.819085 35.141963 37.004414 37.711283 37.086841 34.226009 37.760567 38.378494 40.736307
40.491619 40.303035 39.760212 40.988815 41.224694 42.861019 34.206888 35.694291 31.630060 31.482809 41.817612 41.465903 40.845360 41.618810 39.981038 39.974783 39.389267 38.701713 39.917328 37.998800 43.713248 42.279512 43.434009 41.356914 39.155284 39.852488 40.323123 42.741030 36.788466 36.840339 25.397882 0.000000 41.105190 40.638727 44.605580 40.867647 39.590478 40.577096 40.311947 40.814299 37.268336 40.089259 40.252721 43.710614
33.319848 32.074029 37.260546 37.682059 35.419366 36.567693 34.757973 34.328244 39.084993 38.410317 33.029811 32.092416 32.646266 34.322973 39.977048 39.573080 36.471205 36.687987 39.207727 40.035702 41.816221 40.482304 31.943445 31.904359 37.950009 36.079589 36.630886 37.781484 34.350551 35.290809 38.265164 41.105190 0.000000 19.681181 36.994233 34.882220 38.942381 41.503552 37.598767 35.773061 38.641781 41.509173 38.641073 40.731654
33.335510 31.965921 37.185301 38.086960 35.230372 37.029963 34.050061 33.667328 38.953691 38.325069 32.553428 31.165972 32.653550 33.942967 39.597185 39.678602 36.040962 36.253519 39.033052 39.980745 42.323880 40.616646 29.773824 31.485523 37.259209 35.908711 33.655989 34.941110 32.899830 32.908537 37.529429 40.638727 19.681181 0.000000 36.959731 33.663048 37.737341 40.574093 35.680562 35.001737 37.746886 40.585227 37.700215 39.138381
39.957613 38.439348 41.420456 41.221260 41.213089 41.261444 38.499591 40.466562 40.141322 40.362463 38.732730 38.863242 35.244182 36.764070 39.299577 39.411456 41.433050 40.609531 43.487193 44.084764 44.123058 40.943830 36.687405 35.670292 43.859778 42.647290 36.069624 38.581569 41.106180 42.318548 40.675153 44.605580 36.994233 36.959731 0.000000 25.601842 36.205400 38.669271 36.968585 37.812928 45.222357 40.319026 38.849742 39.352917
36.396706 35.836429 38.495160 37.387168 37.322009 37.017031 36.542645 36.365121 36.811204 36.169255 36.843292 36.826673 32.281948 33.875134 37.324898 37.671275 38.047785 37.401701 40.891975 40.898526 39.385740 35.978961 36.340159 35.953090 40.213071 39.887309 34.573979 37.673840 36.266833 38.160871 37.819085 40.867647 34.882220 33.663048 25.601842 0.000000 35.937519 38.656654 33.773502 32.841957 42.393069 39.743271 37.037254 38.653448
39.951502 37.244918 40.015855 41.171054 39.570041 40.168003 35.142292 34.581453 37.111427 37.029048 36.551165 36.638404 35.976128 36.437946 30.875676 30.806987 36.543480 36.047632 35.623630 35.309747 42.031760 43.191085 40.414206 39.648186 36.651810 35.991618 40.347921 43.199617 35.911532 32.796919 35.141963 39.590478 38.942381 37.737341 36.205400 35.937519 0.000000 23.011859 31.897215 33.956061 37.394765 32.281049 41.693980 43.166316
41.098156 38.951021 40.313077 41.742873 39.681702 41.479996 37.727310 36.649436 38.828106 38.268230 37.892036 38.997729 37.608446 38.315948 31.486330 31.191463 38.793091 38.502204 36.648004 36.409159 42.396864 44.034448 44.102830 41.815698 38.224553 36.434885 42.967508 44.219839 38.284796 36.519827 37.004414 40.577096 41.503552 40.574093 38.669271 38.656654 23.011859 0.000000 32.795543 35.924546 38.533321 33.279725 44.313656 44.923894
37.529626 36.406172 37.511790 37.887255 33.586256 35.064045 33.395761 33.371540 35.958360 36.856004 32.968556 32.725407 34.085852 34.603709 33.838060 33.317679 33.691355 33.305708 36.561055 36.976064 37.078770 37.998396 40.158857 37.637967 38.084558 36.057486 36.085870 35.207270 34.699234 33.266373 37.711283 40.311947 37.598767 35.680562 36.968585 33.773502 31.897215 32.795543 0.000000 21.734905 38.504561 40.071616 34.994146 35.678929
38.038579 36.384109 35.842252 35.977558 34.176575 34.603065 33.785798 31.696320 35.269475 35.335853 32.014859 32.146133 34.096522 34.464051 34.726610 33.824689 33.322138 33.367362 38.573301 38.348632 36.918097 37.613222 38.267494 36.195469 38.482397 36.455698 35.393887 35.062144 33.665905 32.800331 37.086841 40.814299 35.773061 35.001737 37.812928 32.841957 33.956061 35.924546 21.734905 0.000000 39.415015 40.541895 35.113024 36.859076
39.317697 35.917140 42.948822 41.777697 37.428066 38.825238 33.892151 35.644742 38.820692 39.464642 39.477349 38.506357 40.071912 40.273914 39.691425 39.973504 39.350012 38.826897 32.942491 33.541237 42.381997 40.550771 39.470579 38.093099 44.414774 41.999882 42.481670 42.264260 34.785526 33.560014 34.226009 37.268336 38.641781 37.746886 45.222357 42.393069 37.394765 38.533321 38.504561 39.415015 0.000000 28.996888 46.680807 46.538091
40.877076 38.478478 40.854984 41.121423 41.562641 42.372547 37.389376 38.186167 43.030049 42.929050 42.026592 40.805334 39.833270 40.889652 36.571810 36.138993 41.997916 41.337559 31.739600 34.500970 45.791270 44.181981 42.924692 41.675190 43.424678 40.807910 43.117482 45.192241 39.559528 36.707378 37.760567 40.089259 41.509173 40.585227 40.319026 39.743271 32.281049 33.279725 40.071616 40.541895 28.996888 0.000000 44.370172 45.020345
41.875983 42.477692 36.710164 37.706811 40.026173 40.772580 36.543852 36.577374 38.496860 37.423516 41.275056 40.137152 40.892117 41.310146 42.640452 42.236541 42.001597 41.221901 42.803434 43.114578 43.801514 41.584297 41.736272 39.358932 37.823152 38.790800 28.696767 29.795685 40.932967 39.855118 38.378494 40.252721 38.641073 37.700215 38.849742 37.037254 41.693980 44.313656 34.994146 35.113024 46.680807 44.370172 0.000000 22.561948
40.721171 41.992418 39.154378 38.173044 40.340907 41.613172 37.847871 37.840756 40.681505 39.602236 43.416312 42.623149 41.881621 42.905900 42.997804 42.963251 43.897669 42.720940 43.515001 43.492450 43.751632 41.207872 42.529864 38.940533 39.872090 40.528757 29.796255 30.467979 43.830006 41.710255 40.736307 43.710614 40.731654 39.138381 39.352917 38.653448 43.166316 44.923894 35.678929 36.859076 46.538091 45.020345 22.561948 0.000000
